1 1 1
2 2 2
3 3 3
4 4 4
5 5 6
6 7 7
7 8 8
8 9 10
9 11 12
10 13 14
11 15 16
12 17 17
13 18 21
14 22 23
15 24 25
16 26 26
17 27 27
18 28 30
19 31 31
20 32 34
21 35 36
22 37 37
23 38 39
24 40 41
25 42 43
26 44 44
27 45 47
28 48 49
29 50 52
30 53 54
31 55 55
32 56 56
33 57 57
34 58 59
35 60 60
36 61 61
37 62 62
38 63 64
39 65 65
40 66 68
41 69 69
42 70 71
43 72 75
44 76 78
45 79 80
46 81 81
47 82 84
48 85 88
49 89 89
50 90 90
51 91 91
52 92 92
53 93 94
54 95 97
55 98 104
56 105 106
57 107 107
58 108 110
59 111 114
60 115 115
61 116 117
62 118 119
63 120 124
64 125 125
65 126 127
66 128 131
67 132 133
68 134 134
69 135 135
70 136 138
71 139 141
72 142 142
73 143 147
74 148 150
75 151 151
76 152 152
77 153 155
78 156 156
79 157 158
80 159 163
81 164 165
82 166 168
83 169 169
84 170 173
85 174 178
86 179 179
87 180 184
88 185 185
89 186 186
90 187 189
91 190 190
92 191 191
93 192 192
94 193 199
95 200 200
96 201 202
97 203 203
98 204 204
99 205 207
100 208 209
101 210 210
102 211 214
103 215 215
104 216 219
105 220 220
106 221 221
107 222 222
108 223 224
109 225 225
110 226 227
111 228 229
112 230 232
113 233 236
114 237 238
115 239 244
116 245 245
117 246 247
118 248 249
119 250 250
120 251 253
121 254 255
122 256 256
123 257 257
124 258 264
125 265 268
126 269 269
127 270 272
128 273 273
129 274 275
130 276 279
131 280 280
132 281 281
133 282 282
134 283 283
135 284 284
136 285 286
137 287 287
138 288 294
139 295 295
140 296 300
141 301 301
142 302 302
143 303 304
144 305 307
145 308 310
146 311 312
147 313 314
148 315 315
149 316 320
150 321 321
151 322 323
152 324 325
153 326 326
154 327 329
155 330 331
156 332 332
157 333 333
158 334 334
159 335 335
160 336 338
161 339 341
162 342 342
163 343 344
164 345 345
165 346 346
166 347 347
167 348 349
168 350 352
169 353 353
170 354 361
171 362 363
172 364 366
173 367 368
174 369 371
175 372 372
176 373 373
177 374 379
178 380 381
179 382 382
180 383 383
181 384 384
182 385 388
183 389 389
184 390 390
185 391 391
186 392 392
187 393 393
188 394 395
189 396 397
190 398 399
191 400 400
192 401 402
193 403 403
194 404 407
195 408 408
196 409 411
197 412 412
198 413 413
199 414 417
200 418 418
201 419 419
202 420 424
203 425 425
204 426 426
205 427 427
206 428 429
207 430 433
208 434 434
209 435 436
210 437 437
211 438 440
212 441 441
213 442 445
214 446 446
215 447 449
216 450 451
217 452 452
218 453 454
219 455 457
220 458 460
221 461 462
222 463 463
223 464 466
224 467 468
225 469 469
226 470 470
227 471 471
228 472 474
229 475 478
230 479 480
231 481 482
232 483 484
233 485 488
234 489 490
235 491 491
236 492 494
237 495 495
238 496 496
239 497 497
240 498 499
241 500 500
242 501 501
243 502 503
244 504 504
245 505 507
246 508 508
247 509 509
248 510 512
249 513 514
250 515 515
251 516 516
252 517 517
253 518 518
254 519 519
255 520 521
256 522 522
257 523 524
258 525 525
259 526 528
260 529 529
261 530 530
262 531 534
263 535 535
264 536 542
265 543 543
266 544 547
267 548 550
268 551 551
269 552 552
270 553 555
271 556 556
272 557 557
273 558 558
274 559 559
275 560 561
276 562 562
277 563 563
278 564 568
279 569 573
280 574 575
281 576 576
282 577 577
283 578 580
284 581 582
285 583 583
286 584 586
287 587 587
288 588 588
289 589 591
290 592 592
291 593 596
292 597 597
293 598 598
294 599 599
295 600 600
296 601 601
297 602 602
298 603 604
299 605 605
300 606 606
301 607 608
302 609 611
303 612 612
304 613 613
305 614 614
306 615 615
307 616 619
308 620 620
309 621 626
310 627 627
311 628 628
312 629 631
313 632 632
314 633 633
315 634 635
316 636 637
317 638 638
318 639 640
319 641 643
320 644 644
321 645 649
322 650 650
323 651 653
324 654 654
325 655 655
326 656 656
327 657 657
328 658 658
329 659 659
330 660 660
331 661 661
332 662 662
333 663 663
334 664 664
335 665 665
336 666 666
337 667 667
338 668 668
339 669 669
340 670 670
341 671 671
342 672 672
343 673 673
344 674 674
345 675 675
346 676 676
347 677 677
348 678 678
349 679 679
350 680 680
351 681 681
352 682 682
353 683 683
354 684 684
355 685 685
356 686 686
357 687 687
358 688 688
359 689 689
360 690 690
361 691 691
362 692 692
363 693 693
364 694 694
365 695 695
366 696 696
367 697 697
368 698 698
369 699 699
370 700 700
371 701 701
372 702 702
373 703 703
374 704 704
375 705 705
376 706 706
377 707 707
378 708 708
379 709 709
380 710 711
381 712 712
382 713 713
383 714 714
384 715 715
385 716 716
386 717 717
387 718 718
388 719 719
389 720 720
390 721 721
391 722 722
392 723 723
393 724 724
394 725 725
395 726 726
396 727 727
397 728 728
398 729 729
399 730 730
400 731 731
401 732 732
402 733 733
403 734 734
404 735 735
405 736 736
406 737 737
407 738 738
408 739 739
409 740 740
410 741 741
411 742 742
412 743 743
413 744 744
414 745 745
415 746 746
416 747 747
417 748 748
418 749 749
419 750 750
420 751 751
421 752 752
422 753 753
423 754 754
424 755 755
425 756 756
426 757 757
427 758 758
428 759 759
429 760 760
430 761 761
431 762 762
432 763 763
433 764 764
434 765 765
435 766 766
436 767 767
437 768 769
438 770 770
439 771 772
440 773 773
441 774 774
442 775 776
443 777 779
444 780 782
445 783 783
446 784 784
447 785 785
448 786 787
449 788 789
450 790 794
451 795 795
452 796 797
453 798 798
454 799 800
455 801 805
456 806 808
457 809 809
458 810 810
459 811 814
460 815 815
461 816 816
462 817 820
463 821 821
464 822 822
465 823 825
466 826 827
467 828 828
468 829 832
469 833 834
470 835 839
471 840 840
472 841 843
473 844 844
474 845 846
475 847 850
476 851 852
477 853 853
478 854 854
479 855 858
480 859 859
481 860 862
482 863 863
483 864 868
484 869 871
485 872 872
486 873 876
487 877 877
488 878 880
489 881 882
490 883 888
491 889 892
492 893 894
493 895 895
494 896 897
495 898 898
496 899 899
497 900 900
498 901 905
499 906 908
500 909 910
501 911 911
502 912 913
503 914 916
504 917 922
505 923 923
506 924 926
507 927 929
508 930 931
509 932 932
510 933 934
511 935 937
512 938 938
513 939 939
514 940 941
515 942 944
516 945 945
517 946 949
518 950 952
519 953 955
520 956 956
521 957 958
522 959 959
523 960 965
524 966 967
525 968 969
526 970 970
527 971 971
528 972 972
529 973 973
530 974 976
531 977 982
532 983 990
533 991 991
534 992 998
535 999 1003
536 1004 1006
537 1007 1013
538 1014 1016
539 1017 1017
540 1018 1019
541 1020 1020
542 1021 1022
543 1023 1025
544 1026 1027
545 1028 1028
546 1029 1029
547 1030 1032
548 1033 1037
549 1038 1041
550 1042 1042
551 1043 1048
552 1049 1049
553 1050 1052
554 1053 1058
555 1059 1061
556 1062 1063
557 1064 1065
558 1066 1066
559 1067 1068
560 1069 1069
561 1070 1076
562 1077 1079
563 1080 1080
564 1081 1081
565 1082 1084
566 1085 1085
567 1086 1088
568 1089 1090
569 1091 1091
570 1092 1093
571 1094 1095
572 1096 1097
573 1098 1100
574 1101 1103
575 1104 1104
576 1105 1112
577 1113 1113
578 1114 1119
579 1120 1121
580 1122 1122
581 1123 1126
582 1127 1128
583 1129 1129
584 1130 1131
585 1132 1138
586 1139 1139
587 1140 1141
588 1142 1142
589 1143 1143
590 1144 1144
591 1145 1149
592 1150 1151
593 1152 1153
594 1154 1155
595 1156 1157
596 1158 1158
597 1159 1159
598 1160 1161
599 1162 1164
600 1165 1167
601 1168 1173
602 1174 1177
603 1178 1180
604 1181 1181
605 1182 1186
606 1187 1187
607 1188 1188
608 1189 1192
609 1193 1195
610 1196 1196
611 1197 1200
612 1201 1201
613 1202 1207
614 1208 1208
615 1209 1216
616 1217 1218
617 1219 1219
618 1220 1224
619 1225 1225
620 1226 1228
621 1229 1229
622 1230 1234
623 1235 1236
624 1237 1237
625 1238 1238
626 1239 1240
627 1241 1241
628 1242 1243
629 1244 1244
630 1245 1245
631 1246 1248
632 1249 1250
633 1251 1253
634 1254 1254
635 1255 1257
636 1258 1258
637 1259 1264
638 1265 1267
639 1268 1269
640 1270 1270
641 1271 1277
642 1278 1280
643 1281 1284
644 1285 1285
645 1286 1287
646 1288 1290
647 1291 1292
648 1293 1295
649 1296 1296
650 1297 1300
651 1301 1302
652 1303 1303
653 1304 1311
654 1312 1312
655 1313 1314
656 1315 1317
657 1318 1318
658 1319 1320
659 1321 1323
660 1324 1324
661 1325 1325
662 1326 1327
663 1328 1332
664 1333 1334
665 1335 1337
666 1338 1340
667 1341 1342
668 1343 1350
669 1351 1354
670 1355 1355
671 1356 1357
672 1358 1358
673 1359 1359
674 1360 1360
675 1361 1362
676 1363 1364
677 1365 1369
678 1370 1372
679 1373 1373
680 1374 1375
681 1376 1376
682 1377 1377
683 1378 1379
684 1380 1380
685 1381 1384
686 1385 1387
687 1388 1388
688 1389 1389
689 1390 1391
690 1392 1392
691 1393 1398
692 1399 1403
693 1404 1404
694 1405 1409
695 1410 1410
696 1411 1413
697 1414 1415
698 1416 1416
699 1417 1417
700 1418 1419
701 1420 1420
702 1421 1421
703 1422 1425
704 1426 1427
705 1428 1430
706 1431 1431
707 1432 1432
708 1433 1435
709 1436 1437
710 1438 1438
711 1439 1439
712 1440 1441
713 1442 1442
714 1443 1445
715 1446 1447
716 1448 1449
717 1450 1451
718 1452 1452
719 1453 1453
720 1454 1456
721 1457 1457
722 1458 1459
723 1460 1461
724 1462 1462
725 1463 1464
726 1465 1468
727 1469 1470
728 1471 1471
729 1472 1474
730 1475 1476
731 1477 1477
732 1478 1480
733 1481 1481
734 1482 1485
735 1486 1489
736 1490 1490
737 1491 1492
738 1493 1494
739 1495 1496
740 1497 1497
741 1498 1499
742 1500 1502
743 1503 1505
744 1506 1507
745 1508 1514
746 1515 1520
747 1521 1526
748 1527 1527
749 1528 1529
750 1530 1535
751 1536 1536
752 1537 1537
753 1538 1538
754 1539 1539
755 1540 1540
756 1541 1541
757 1542 1546
758 1547 1557
759 1558 1558
760 1559 1559
761 1560 1564
762 1565 1566
763 1567 1567
764 1568 1570
765 1571 1572
766 1573 1577
767 1578 1578
768 1579 1579
769 1580 1581
770 1582 1582
771 1583 1585
772 1586 1586
773 1587 1587
774 1588 1597
775 1598 1598
776 1599 1602
777 1603 1607
778 1608 1608
779 1609 1616
780 1617 1617
781 1618 1624
782 1625 1628
783 1629 1634
784 1635 1636
785 1637 1637
786 1638 1638
787 1639 1639
788 1640 1641
789 1642 1642
790 1643 1644
791 1645 1646
792 1647 1647
793 1648 1651
794 1652 1652
795 1653 1654
796 1655 1656
797 1657 1657
798 1658 1663
799 1664 1664
800 1665 1666
801 1667 1667
802 1668 1669
803 1670 1671
804 1672 1672
805 1673 1681
806 1682 1683
807 1684 1686
808 1687 1688
809 1689 1690
810 1691 1691
811 1692 1698
812 1699 1704
813 1705 1705
814 1706 1706
815 1707 1714
816 1715 1721
817 1722 1722
818 1723 1726
819 1727 1731
820 1732 1732
821 1733 1733
822 1734 1737
823 1738 1740
824 1741 1742
825 1743 1748
826 1749 1753
827 1754 1754
828 1755 1759
829 1760 1760
830 1761 1764
831 1765 1766
832 1767 1767
833 1768 1768
834 1769 1772
835 1773 1775
836 1776 1776
837 1777 1779
838 1780 1785
839 1786 1790
840 1791 1791
841 1792 1795
842 1796 1796
843 1797 1797
844 1798 1801
845 1802 1802
846 1803 1805
847 1806 1808
848 1809 1809
849 1810 1818
850 1819 1820
851 1821 1823
852 1824 1827
853 1828 1832
854 1833 1838
855 1839 1839
856 1840 1841
857 1842 1843
858 1844 1847
859 1848 1849
860 1850 1851
861 1852 1853
862 1854 1854
863 1855 1855
864 1856 1856
865 1857 1858
866 1859 1865
867 1866 1866
868 1867 1871
869 1872 1872
870 1873 1873
871 1874 1874
872 1875 1891
873 1892 1892
874 1893 1895
875 1896 1896
876 1897 1897
877 1898 1900
878 1901 1911
879 1912 1912
880 1913 1913
881 1914 1914
882 1915 1918
883 1919 1919
884 1920 1923
885 1924 1925
886 1926 1927
887 1928 1932
888 1933 1933
889 1934 1935
890 1936 1936
891 1937 1938
892 1939 1939
893 1940 1941
894 1942 1944
895 1945 1945
896 1946 1946
897 1947 1951
898 1952 1952
899 1953 1956
900 1957 1957
901 1958 1962
902 1963 1963
903 1964 1964
904 1965 1965
905 1966 1967
906 1968 1968
907 1969 1969
908 1970 1972
909 1973 1973
910 1974 1975
911 1976 1978
912 1979 1979
913 1980 1980
914 1981 1982
915 1983 1989
916 1990 1995
917 1996 1996
918 1997 1997
919 1998 2003
920 2004 2005
921 2006 2007
922 2008 2011
923 2012 2015
924 2016 2016
925 2017 2019
926 2020 2021
927 2022 2022
928 2023 2023
929 2024 2027
930 2028 2028
931 2029 2034
932 2035 2035
933 2036 2041
934 2042 2042
935 2043 2046
936 2047 2047
937 2048 2051
938 2052 2052
939 2053 2054
940 2055 2057
941 2058 2059
942 2060 2060
943 2061 2062
944 2063 2063
945 2064 2072
946 2073 2074
947 2075 2076
948 2077 2078
949 2079 2084
950 2085 2085
951 2086 2091
952 2092 2093
953 2094 2095
954 2096 2096
955 2097 2097
956 2098 2098
957 2099 2099
958 2100 2100
959 2101 2101
960 2102 2104
961 2105 2105
962 2106 2107
963 2108 2111
964 2112 2115
965 2116 2117
966 2118 2118
967 2119 2120
968 2121 2124
969 2125 2125
970 2126 2129
971 2130 2134
972 2135 2136
973 2137 2137
974 2138 2139
975 2140 2140
976 2141 2143
977 2144 2144
978 2145 2147
979 2148 2148
980 2149 2151
981 2152 2153
982 2154 2155
983 2156 2159
984 2160 2160
985 2161 2163
986 2164 2166
987 2167 2169
988 2170 2174
989 2175 2175
990 2176 2180
991 2181 2181
992 2182 2185
993 2186 2186
994 2187 2187
995 2188 2195
996 2196 2197
997 2198 2198
998 2199 2202
999 2203 2203
1000 2204 2204
1001 2205 2206
1002 2207 2207
1003 2208 2218
1004 2219 2223
1005 2224 2224
1006 2225 2225
1007 2226 2229
1008 2230 2230
1009 2231 2232
1010 2233 2234
1011 2235 2235
1012 2236 2236
1013 2237 2237
1014 2238 2238
1015 2239 2240
1016 2241 2241
1017 2242 2242
1018 2243 2247
1019 2248 2250
1020 2251 2251
1021 2252 2253
1022 2254 2254
1023 2255 2256
1024 2257 2257
1025 2258 2260
1026 2261 2263
1027 2264 2267
1028 2268 2268
1029 2269 2270
1030 2271 2273
1031 2274 2275
1032 2276 2281
1033 2282 2282
1034 2283 2285
1035 2286 2287
1036 2288 2288
1037 2289 2289
1038 2290 2292
1039 2293 2293
1040 2294 2300
1041 2301 2301
1042 2302 2302
1043 2303 2309
1044 2310 2312
1045 2313 2317
1046 2318 2318
1047 2319 2322
1048 2323 2325
1049 2326 2327
1050 2328 2330
1051 2331 2335
1052 2336 2336
1053 2337 2339
1054 2340 2349
1055 2350 2353
1056 2354 2354
1057 2355 2357
1058 2358 2361
1059 2362 2366
1060 2367 2369
1061 2370 2375
1062 2376 2379
1063 2380 2380
1064 2381 2383
1065 2384 2384
1066 2385 2387
1067 2388 2393
1068 2394 2397
1069 2398 2398
1070 2399 2399
1071 2400 2413
1072 2414 2414
1073 2415 2417
1074 2418 2426
1075 2427 2431
1076 2432 2435
1077 2436 2440
1078 2441 2444
1079 2445 2445
1080 2446 2451
1081 2452 2452
1082 2453 2457
1083 2458 2467
1084 2468 2468
1085 2469 2472
1086 2473 2482
1087 2483 2492
1088 2493 2498
1089 2499 2511
1090 2512 2519
1091 2520 2520
1092 2521 2521
1093 2522 2532
1094 2533 2533
1095 2534 2536
1096 2537 2537
1097 2538 2540
1098 2541 2545
1099 2546 2546
1100 2547 2547
1101 2548 2550
1102 2551 2552
1103 2553 2553
1104 2554 2554
1105 2555 2557
1106 2558 2558
1107 2559 2559
1108 2560 2561
1109 2562 2562
1110 2563 2565
1111 2566 2570
1112 2571 2583
1113 2584 2585
1114 2586 2587
1115 2588 2588
1116 2589 2590
1117 2591 2591
1118 2592 2597
1119 2598 2599
1120 2600 2600
1121 2601 2604
1122 2605 2609
1123 2610 2610
1124 2611 2612
1125 2613 2616
1126 2617 2617
1127 2618 2620
1128 2621 2623
1129 2624 2624
1130 2625 2625
1131 2626 2629
1132 2630 2632
1133 2633 2637
1134 2638 2640
1135 2641 2641
1136 2642 2644
1137 2645 2645
1138 2646 2646
1139 2647 2648
1140 2649 2649
1141 2650 2650
1142 2651 2652
1143 2653 2654
1144 2655 2656
1145 2657 2659
1146 2660 2661
1147 2662 2664
1148 2665 2666
1149 2667 2667
1150 2668 2668
1151 2669 2670
1152 2671 2672
1153 2673 2674
1154 2675 2678
1155 2679 2680
1156 2681 2682
1157 2683 2685
1158 2686 2688
1159 2689 2690
1160 2691 2691
1161 2692 2693
1162 2694 2698
1163 2699 2699
1164 2700 2702
1165 2703 2705
1166 2706 2706
1167 2707 2710
1168 2711 2711
1169 2712 2714
1170 2715 2715
1171 2716 2717
1172 2718 2718
1173 2719 2719
1174 2720 2720
1175 2721 2729
1176 2730 2733
1177 2734 2738
1178 2739 2745
1179 2746 2753
1180 2754 2756
1181 2757 2758
1182 2759 2760
1183 2761 2763
1184 2764 2765
1185 2766 2769
1186 2770 2774
1187 2775 2775
1188 2776 2776
1189 2777 2779
1190 2780 2780
1191 2781 2783
1192 2784 2786
1193 2787 2787
1194 2788 2789
1195 2790 2790
1196 2791 2792
1197 2793 2794
1198 2795 2798
1199 2799 2802
1200 2803 2806
1201 2807 2808
1202 2809 2812
1203 2813 2816
1204 2817 2817
1205 2818 2819
1206 2820 2821
1207 2822 2822
1208 2823 2827
1209 2828 2829
1210 2830 2830
1211 2831 2839
1212 2840 2841
1213 2842 2843
1214 2844 2849
1215 2850 2853
1216 2854 2856
1217 2857 2858
1218 2859 2860
1219 2861 2861
1220 2862 2864
1221 2865 2867
1222 2868 2869
1223 2870 2870
1224 2871 2871
1225 2872 2872
1226 2873 2873
1227 2874 2880
1228 2881 2881
1229 2882 2882
1230 2883 2883
1231 2884 2888
1232 2889 2892
1233 2893 2893
1234 2894 2894
1235 2895 2895
1236 2896 2898
1237 2899 2900
1238 2901 2901
1239 2902 2903
1240 2904 2904
1241 2905 2907
1242 2908 2910
1243 2911 2911
1244 2912 2914
1245 2915 2927
1246 2928 2932
1247 2933 2933
1248 2934 2936
1249 2937 2937
1250 2938 2939
1251 2940 2941
1252 2942 2943
1253 2944 2944
1254 2945 2946
1255 2947 2949
1256 2950 2951
1257 2952 2955
1258 2956 2957
1259 2958 2959
1260 2960 2963
1261 2964 2964
1262 2965 2965
1263 2966 2966
1264 2967 2969
1265 2970 2972
1266 2973 2976
1267 2977 2981
1268 2982 2982
1269 2983 2985
1270 2986 2989
1271 2990 2991
1272 2992 2997
1273 2998 3002
1274 3003 3004
1275 3005 3005
1276 3006 3006
1277 3007 3007
1278 3008 3008
1279 3009 3009
1280 3010 3010
1281 3011 3011
1282 3012 3012
1283 3013 3013
1284 3014 3014
1285 3015 3015
1286 3016 3016
1287 3017 3017
1288 3018 3018
1289 3019 3019
1290 3020 3020
1291 3021 3021
1292 3022 3022
1293 3023 3023
1294 3024 3024
1295 3025 3025
1296 3026 3026
1297 3027 3027
1298 3028 3028
1299 3029 3029
1300 3030 3030
1301 3031 3031
1302 3032 3032
1303 3033 3033
1304 3034 3034
1305 3035 3035
1306 3036 3036
1307 3037 3037
1308 3038 3038
1309 3039 3039
1310 3040 3040
1311 3041 3041
1312 3042 3042
1313 3043 3046
1314 3047 3047
1315 3048 3051
1316 3052 3052
1317 3053 3053
1318 3054 3056
1319 3057 3057
1320 3058 3058
1321 3059 3059
1322 3060 3060
1323 3061 3064
1324 3065 3065
1325 3066 3069
1326 3070 3072
1327 3073 3074
1328 3075 3076
1329 3077 3079
1330 3080 3080
1331 3081 3088
1332 3089 3090
1333 3091 3096
1334 3097 3097
1335 3098 3098
1336 3099 3099
1337 3100 3102
1338 3103 3108
1339 3109 3113
1340 3114 3115
1341 3116 3116
1342 3117 3118
1343 3119 3119
1344 3120 3121
1345 3122 3122
1346 3123 3124
1347 3125 3125
1348 3126 3126
1349 3127 3128
1350 3129 3130
1351 3131 3135
1352 3136 3136
1353 3137 3143
1354 3144 3144
1355 3145 3147
1356 3148 3149
1357 3150 3150
1358 3151 3151
1359 3152 3154
1360 3155 3157
1361 3158 3158
1362 3159 3159
1363 3160 3160
1364 3161 3161
1365 3162 3162
1366 3163 3163
1367 3164 3168
1368 3169 3169
1369 3170 3171
1370 3172 3174
1371 3175 3177
1372 3178 3180
1373 3181 3182
1374 3183 3183
1375 3184 3186
1376 3187 3187
1377 3188 3188
1378 3189 3190
1379 3191 3197
1380 3198 3198
1381 3199 3200
1382 3201 3202
1383 3203 3204
1384 3205 3205
1385 3206 3207
1386 3208 3209
1387 3210 3210
1388 3211 3212
1389 3213 3214
1390 3215 3215
1391 3216 3218
1392 3219 3219
1393 3220 3220
1394 3221 3222
1395 3223 3223
1396 3224 3225
1397 3226 3229
1398 3230 3230
1399 3231 3232
1400 3233 3233
1401 3234 3234
1402 3235 3235
1403 3236 3238
1404 3239 3241
1405 3242 3243
1406 3244 3244
1407 3245 3247
1408 3248 3250
1409 3251 3251
1410 3252 3260
1411 3261 3261
1412 3262 3268
1413 3269 3269
1414 3270 3270
1415 3271 3271
1416 3272 3273
1417 3274 3274
1418 3275 3279
1419 3280 3280
1420 3281 3282
1421 3283 3283
1422 3284 3284
1423 3285 3286
1424 3287 3287
1425 3288 3288
1426 3289 3289
1427 3290 3291
1428 3292 3292
1429 3293 3294
1430 3295 3296
1431 3297 3297
1432 3298 3299
1433 3300 3300
1434 3301 3301
1435 3302 3303
1436 3304 3304
1437 3305 3306
1438 3307 3307
1439 3308 3310
1440 3311 3314
1441 3315 3315
1442 3316 3317
1443 3318 3320
1444 3321 3321
1445 3322 3323
1446 3324 3324
1447 3325 3327
1448 3328 3328
1449 3329 3330
1450 3331 3333
1451 3334 3334
1452 3335 3335
1453 3336 3338
1454 3339 3341
1455 3342 3343
1456 3344 3345
1457 3346 3346
1458 3347 3350
1459 3351 3352
1460 3353 3353
1461 3354 3354
1462 3355 3357
1463 3358 3359
1464 3360 3360
1465 3361 3363
1466 3364 3364
1467 3365 3365
1468 3366 3367
1469 3368 3369
1470 3370 3375
1471 3376 3376
1472 3377 3378
1473 3379 3379
1474 3380 3380
1475 3381 3381
1476 3382 3383
1477 3384 3384
1478 3385 3385
1479 3386 3389
1480 3390 3391
1481 3392 3392
1482 3393 3397
1483 3398 3398
1484 3399 3400
1485 3401 3402
1486 3403 3403
1487 3404 3405
1488 3406 3407
1489 3408 3413
1490 3414 3417
1491 3418 3419
1492 3420 3420
1493 3421 3421
1494 3422 3422
1495 3423 3423
1496 3424 3426
1497 3427 3427
1498 3428 3429
1499 3430 3430
1500 3431 3432
1501 3433 3435
1502 3436 3440
1503 3441 3441
1504 3442 3442
1505 3443 3444
1506 3445 3445
1507 3446 3449
1508 3450 3451
1509 3452 3452
1510 3453 3460
1511 3461 3462
1512 3463 3464
1513 3465 3466
1514 3467 3467
1515 3468 3468
1516 3469 3469
1517 3470 3470
1518 3471 3471
1519 3472 3474
1520 3475 3476
1521 3477 3477
1522 3478 3479
1523 3480 3480
1524 3481 3485
1525 3486 3487
1526 3488 3488
1527 3489 3489
1528 3490 3490
1529 3491 3491
1530 3492 3492
1531 3493 3495
1532 3496 3496
1533 3497 3498
1534 3499 3506
1535 3507 3507
1536 3508 3513
1537 3514 3517
1538 3518 3518
1539 3519 3524
1540 3525 3525
1541 3526 3526
1542 3527 3528
1543 3529 3529
1544 3530 3530
1545 3531 3531
1546 3532 3536
1547 3537 3537
1548 3538 3538
1549 3539 3541
1550 3542 3542
1551 3543 3546
1552 3547 3547
1553 3548 3549
1554 3550 3552
1555 3553 3553
1556 3554 3555
1557 3556 3556
1558 3557 3557
1559 3558 3564
1560 3565 3565
1561 3566 3572
1562 3573 3573
1563 3574 3575
1564 3576 3580
1565 3581 3583
1566 3584 3591
1567 3592 3592
1568 3593 3598
1569 3599 3601
1570 3602 3602
1571 3603 3605
1572 3606 3606
1573 3607 3608
1574 3609 3610
1575 3611 3611
1576 3612 3612
1577 3613 3615
1578 3616 3616
1579 3617 3617
1580 3618 3620
1581 3621 3622
1582 3623 3623
1583 3624 3628
1584 3629 3631
1585 3632 3637
1586 3638 3638
1587 3639 3639
1588 3640 3640
1589 3641 3641
1590 3642 3643
1591 3644 3644
1592 3645 3645
1593 3646 3646
1594 3647 3650
1595 3651 3651
1596 3652 3652
1597 3653 3653
1598 3654 3659
1599 3660 3660
1600 3661 3661
1601 3662 3662
1602 3663 3666
1603 3667 3668
1604 3669 3674
1605 3675 3677
1606 3678 3681
1607 3682 3686
1608 3687 3687
1609 3688 3691
1610 3692 3693
1611 3694 3694
1612 3695 3696
1613 3697 3697
1614 3698 3699
1615 3700 3701
1616 3702 3705
1617 3706 3706
1618 3707 3707
1619 3708 3711
1620 3712 3714
1621 3715 3717
1622 3718 3718
1623 3719 3719
1624 3720 3721
1625 3722 3728
1626 3729 3729
1627 3730 3732
1628 3733 3738
1629 3739 3739
1630 3740 3740
1631 3741 3741
1632 3742 3743
1633 3744 3752
1634 3753 3756
1635 3757 3757
1636 3758 3758
1637 3759 3759
1638 3760 3762
1639 3763 3763
1640 3764 3770
1641 3771 3771
